   2.2204460e-16
   2.5809568e-08
   1.3863479e-05
   3.3971688e-04
   2.4008764e-03
   9.0656564e-03
   2.3844555e-02
   4.9912289e-02
   8.9577602e-02
   1.4418298e-01
   2.1423581e-01
   2.9961589e-01
   3.9977753e-01
   5.1391469e-01
   6.4108352e-01
   7.8028743e-01
   9.3053285e-01
   1.0908637e+00
   1.2603811e+00
   1.4382526e+00
   1.6237160e+00
   1.8160778e+00
   2.0147108e+00
   2.2190489e+00
   2.4285825e+00
   2.6428535e+00
   2.8614496e+00
   3.0840005e+00
   3.3101728e+00
   3.5396663e+00
   3.7722105e+00
   4.0075611e+00
   4.2454974e+00
   4.4858199e+00
   4.7283473e+00
   4.9729156e+00
   5.2193754e+00
   5.4675906e+00
   5.7174374e+00
   5.9688026e+00
   6.2215827e+00
   6.4756827e+00
   6.7310159e+00
   6.9875023e+00
   7.2450684e+00
   7.5036467e+00
   7.7631747e+00
   8.0235947e+00
   8.2848536e+00
   8.5469020e+00
   8.8096943e+00
   9.0731879e+00
   9.3373435e+00
   9.6021245e+00
   9.8674967e+00
   1.0133428e+01
   1.0399890e+01
   1.0666853e+01
   1.0934293e+01
   1.1202184e+01
   1.1470505e+01
   1.1739234e+01
   1.2008351e+01
   1.2277837e+01
   1.2547675e+01
   1.2817848e+01
   1.3088340e+01
   1.3359137e+01
   1.3630225e+01
   1.3901591e+01
   1.4173222e+01
   1.4445108e+01
   1.4717236e+01
   1.4989596e+01
   1.5262179e+01
   1.5534976e+01
   1.5807977e+01
   1.6081173e+01
   1.6354558e+01
   1.6628123e+01
   1.6901861e+01
   1.7175765e+01
   1.7449830e+01
   1.7724048e+01
   1.7998414e+01
   1.8272922e+01
   1.8547566e+01
   1.8822343e+01
   1.9097246e+01
   1.9372271e+01
   1.9647414e+01
   1.9922671e+01
   2.0198037e+01
   2.0473508e+01
   2.0749082e+01
   2.1024753e+01
   2.1300520e+01
   2.1576378e+01
   2.1852325e+01
   2.2128357e+01
